%-----------------------------------------------------------------------
% Job saved on 15-Dec-2018 17:28:33 by cfg_util (rev $Rev: 7345 $)
% spm SPM - SPM12 (7487)
% cfg_basicio BasicIO - Unknown
%-----------------------------------------------------------------------
matlabbatch{1}.spm.stats.con.spmmat = '<UNDEFINED>';
matlabbatch{1}.spm.stats.con.consess{1}.tcon.name = 'rest > movie';
matlabbatch{1}.spm.stats.con.consess{1}.tcon.weights = [-1 0.333333333333333 0.333333333333333 0.333333333333333 -1 0.333333333333333 0.333333333333333 0.333333333333333 -1 0.333333333333333 0.333333333333333 0.333333333333333 -1 0.333333333333333 0.333333333333333 0.333333333333333 -1 0.333333333333333 0.333333333333333 0.333333333333333];
matlabbatch{1}.spm.stats.con.consess{1}.tcon.sessrep = 'repl';
matlabbatch{1}.spm.stats.con.consess{2}.tcon.name = 'movie > rest';
matlabbatch{1}.spm.stats.con.consess{2}.tcon.weights = [1 -0.333333333333333 -0.333333333333333 -0.333333333333333 1 -0.333333333333333 -0.333333333333333 -0.333333333333333 1 -0.333333333333333 -0.333333333333333 -0.333333333333333 1 -0.333333333333333 -0.333333333333333 -0.333333333333333 1 -0.333333333333333 -0.333333333333333 -0.333333333333333];
matlabbatch{1}.spm.stats.con.consess{2}.tcon.sessrep = 'repl';
matlabbatch{1}.spm.stats.con.consess{3}.tcon.name = 'rest ero > rest neu';
matlabbatch{1}.spm.stats.con.consess{3}.tcon.weights = [0 1 1 1 0 0 0 0 0 0 0 0 0 -1 -1 -1];
matlabbatch{1}.spm.stats.con.consess{3}.tcon.sessrep = 'repl';
matlabbatch{1}.spm.stats.con.consess{4}.tcon.name = 'rest fear > rest neu';
matlabbatch{1}.spm.stats.con.consess{4}.tcon.weights = [0 0 0 0 0 1 1 1 0 0 0 0 0 -1 -1 -1];
matlabbatch{1}.spm.stats.con.consess{4}.tcon.sessrep = 'repl';
matlabbatch{1}.spm.stats.con.consess{5}.tcon.name = 'rest ero < rest neu';
matlabbatch{1}.spm.stats.con.consess{5}.tcon.weights = [0 -1 -1 -1 0 0 0 0 0 0 0 0 0 1 1 1];
matlabbatch{1}.spm.stats.con.consess{5}.tcon.sessrep = 'repl';
matlabbatch{1}.spm.stats.con.consess{6}.tcon.name = 'rest fear < rest neu';
matlabbatch{1}.spm.stats.con.consess{6}.tcon.weights = [0 0 0 0 0 -1 -1 -1 0 0 0 0 0 1 1 1];
matlabbatch{1}.spm.stats.con.consess{6}.tcon.sessrep = 'repl';
matlabbatch{1}.spm.stats.con.delete = 1;
